1 76 112
2 63 112
3 102 112
4 101 57
5 114 36
6 140 23
7 172 18
8 208 13
9 266 11
10 334 9
11 409 13
12 506 15
13 625 14
14 747 14
15 888 14
16 1028 12
17 1197 12
18 1385 12
19 1520 12
20 1675 11
21 1802 15
22 1885 19
23 1986 22
24 2057 22
25 2124 22
26 2195 22
27 2238 22
28 2289 22
29 2327 22
30 2357 22
31 2375 25
32 2378 34
33 2381 41
34 2379 43
35 2370 44
36 2372 44
37 2372 44
38 2382 44
39 2375 44
40 2372 44
41 2372 46
42 2354 56
43 2330 72
44 2294 84
45 2263 87
46 2231 88
47 2215 88
48 2202 88
49 2196 88
50 2179 88
51 2172 90
52 2160 98
53 2123 122
54 2065 148
55 2007 164
56 1939 174
57 1875 176
58 1809 174
59 1767 173
60 1715 169
61 1672 168
62 1626 170
63 1570 187
64 1496 216
65 1406 236
66 1316 254
67 1233 255
68 1152 241
69 1086 222
70 1034 198
71 982 175
72 952 158
73 908 146
74 863 140
75 814 150
76 758 160
77 696 170
78 633 164
79 605 159
80 565 147
81 544 133
82 540 115
83 524 99
84 528 82
85 538 79
86 554 81
87 577 85
88 609 79
89 636 69
90 681 65
91 737 59
92 797 53
93 864 53
94 939 51
95 1012 52
96 1093 50
97 1182 50
98 1255 46
99 1335 43
100 1398 43
101 1474 44
102 1537 43
103 1618 40
104 1677 41
105 1745 39
106 1803 42
107 1856 42
108 1910 46
109 1941 43
110 1981 48
111 2024 47
112 2048 43
113 2083 40
114 2127 38
115 2147 37
116 2170 40
117 2176 45
118 2189 52
119 2187 57
120 2202 60
121 2199 65
122 2191 67
123 2189 68
124 2202 69
125 2205 72
126 2205 75
127 2199 84
128 2185 93
129 2165 106
130 2127 116
131 2089 123
132 2050 132
133 2020 134
134 1986 136
135 1956 134
136 1916 140
137 1874 150
138 1816 162
139 1753 177
140 1675 200
141 1604 220
142 1511 228
143 1434 229
144 1349 234
145 1278 220
146 1225 203
147 1179 197
148 1142 198
149 1085 196
150 1019 191
151 952 195
152 891 203
153 842 198
154 800 188
155 744 176
156 718 167
157 678 164
158 659 163
159 651 152
160 645 150
161 638 150
162 626 158
163 633 155
164 645 151
165 657 144
166 684 131
167 716 115
168 755 97
169 802 92
170 838 81
171 903 82
172 964 83
173 1029 90
174 1079 89
175 1151 87
176 1225 85
177 1296 87
178 1366 77
179 1440 78
180 1503 77
181 1589 76
182 1664 77
183 1720 81
184 1772 86
185 1803 90
186 1825 95
187 1845 106
188 1866 111
189 1873 116
190 1869 119
191 1846 122
192 1838 126
193 1817 133
194 1795 142
195 1774 155
196 1738 168
197 1717 176
198 1668 183
199 1638 184
200 1596 181
201 1550 179
202 1502 181
203 1457 185
204 1403 198
205 1338 209
206 1267 224
207 1219 235
208 1147 246
209 1074 257
210 993 255
211 899 262
212 824 264
213 751 264
214 694 254
215 630 251
216 583 240
217 540 222
218 493 215
219 454 195
220 418 184
221 385 174
222 355 159
223 321 146
224 308 131
225 306 122
226 305 103
227 311 96
228 320 84
229 323 72
230 343 69
231 348 66
232 364 67
233 400 66
234 437 63
235 494 56
236 535 45
237 615 44
238 678 49
239 765 53
240 834 56
241 895 59
242 962 61
243 1029 58
244 1106 57
245 1176 54
246 1272 54
247 1345 55
248 1411 59
249 1481 68
250 1539 74
251 1593 83
252 1639 93
253 1667 98
254 1701 100
255 1728 100
256 1758 98
257 1760 99
258 1790 103
259 1796 111
260 1800 126
261 1783 141
262 1752 159
263 1736 173
264 1702 183
265 1668 187
266 1625 184
267 1596 185
268 1562 184
269 1526 190
270 1497 194
271 1424 207
272 1357 226
273 1290 246
274 1213 250
275 1149 245
276 1068 235
277 1008 219
278 965 207
279 919 201
280 872 194
281 833 186
282 768 188
283 723 205
284 661 213
285 592 205
286 540 194
287 504 183
288 475 167
289 438 146
290 421 130
291 429 116
292 430 106
293 423 92
294 445 93
295 453 94
296 475 95
297 497 91
298 530 82
299 592 78
300 651 73
301 718 60
302 789 52
303 862 49
304 955 55
305 1039 55
306 1126 62
307 1218 63
308 1308 66
309 1395 66
310 1479 61
311 1545 58
312 1611 57
313 1651 55
314 1687 58
315 1739 61
316 1771 65
317 1803 72
318 1820 85
319 1837 92
320 1850 95
321 1872 96
322 1886 95
323 1919 97
324 1933 103
325 1938 115
326 1947 122
327 1940 133
328 1917 150
329 1865 170
330 1819 181
331 1747 184
332 1697 183
333 1639 186
334 1614 186
335 1565 200
336 1500 213
337 1441 225
338 1351 229
339 1286 245
340 1212 251
341 1151 246
342 1091 229
343 1040 200
344 1028 174
345 980 161
346 968 150
347 935 148
348 894 152
349 860 143
350 818 160
351 787 158
352 755 168
353 727 159
354 712 149
355 691 143
356 677 138
357 695 143
358 692 143
359 693 145
360 723 139
361 729 139
362 748 138
363 775 126
364 809 116
365 845 105
366 880 92
367 923 88
368 962 84
369 1008 87
370 1048 86
371 1089 86
372 1137 85
373 1181 77
374 1221 72
375 1289 66
376 1352 67
377 1404 63
378 1461 65
379 1511 62
380 1566 72
381 1607 79
382 1644 83
383 1712 86
384 1754 89
385 1792 91
386 1841 91
387 1859 97
388 1890 104
389 1884 115
390 1894 127
391 1875 139
392 1871 155
393 1825 164
394 1795 172
395 1748 178
396 1696 178
397 1646 183
398 1601 189
399 1542 194
400 1484 194
401 1427 197
402 1360 205
403 1302 204
404 1244 194
405 1176 189
406 1118 175
407 1059 167
408 1026 158
409 973 149
410 931 150
411 883 157
412 852 160
413 809 171
414 765 171
415 741 170
416 713 176
417 688 163
418 675 141
419 649 125
420 654 110
421 642 104
422 652 103
423 662 104
424 645 105
425 658 115
426 699 115
427 720 118
428 751 112
429 787 92
430 827 79
431 875 71
432 918 60
433 967 55
434 1023 55
435 1070 57
436 1113 64
437 1152 64
438 1189 68
439 1217 72
440 1248 77
441 1281 76
442 1297 75
443 1357 70
444 1398 70
445 1431 74
446 1458 78
447 1488 84
448 1505 86
449 1536 93
450 1550 97
451 1584 97
452 1604 96
453 1623 94
454 1643 98
455 1654 104
456 1688 113
457 1678 130
458 1699 135
459 1680 149
460 1664 161
461 1644 168
462 1616 174
463 1606 176
464 1581 180
465 1538 188
466 1486 197
467 1436 211
468 1381 232
469 1309 242
470 1231 249
471 1167 259
472 1088 257
473 1000 243
474 964 230
475 907 224
476 875 213
477 822 200
478 772 192
479 725 187
480 666 190
481 614 192
482 557 201
483 528 187
484 482 184
485 450 170
486 445 150
487 417 140
488 409 131
489 412 132
490 428 129
491 434 131
492 482 122
493 517 114
494 579 98
495 648 83
496 713 66
497 798 51
498 861 48
499 949 44
500 1029 43
501 1102 46
502 1182 48
503 1245 48
504 1333 53
505 1398 55
506 1466 58
507 1526 59
508 1568 62
509 1626 62
510 1687 67
511 1720 73
512 1757 77
513 1783 82
514 1799 89
515 1840 98
516 1855 105
517 1877 110
518 1884 115
519 1890 118
520 1898 125
521 1880 139
522 1864 148
523 1841 156
524 1802 167
525 1746 179
526 1698 189
527 1661 193
528 1602 195
529 1543 190
530 1504 193
531 1464 186
532 1417 187
533 1366 179
534 1300 179
535 1243 187
536 1185 192
537 1119 193
538 1065 185
539 1011 184
540 954 182
541 906 169
542 873 161
543 846 160
544 807 158
545 774 150
546 763 150
547 738 149
548 715 143
549 711 135
550 712 121
551 717 110
552 725 107
553 731 105
554 748 104
555 771 103
556 789 106
557 807 109
558 831 117
559 842 113
560 866 114
561 903 108
562 940 101
563 994 93
564 1061 84
565 1129 81
566 1210 82
567 1278 79
568 1324 83
569 1364 83
570 1415 86
571 1466 89
572 1499 91
573 1545 88
574 1574 93
575 1612 94
576 1652 96
577 1690 100
578 1696 106
579 1706 112
580 1707 119
581 1680 126
582 1660 133
583 1652 137
584 1634 142
585 1609 149
586 1588 156
587 1557 165
588 1530 168
589 1474 176
590 1437 179
591 1396 179
592 1355 166
593 1320 158
594 1288 142
595 1267 140
596 1239 138
597 1214 134
598 1192 134
599 1169 131
600 1152 130
601 1112 130
602 1085 128
603 1070 129
604 1051 130
605 1055 127
606 1033 133
607 1028 131
608 1037 129
609 1041 136
610 1046 138
611 1057 138
612 1064 146
613 1072 145
614 1091 146
615 1097 144
616 1105 144
617 1120 146
618 1122 146
619 1153 140
620 1163 135
621 1169 137
622 1172 133
623 1180 128
624 1197 117
625 1205 120
626 1204 120
627 1226 109
628 1246 105
629 1261 107
630 1270 107
631 1280 110
632 1279 109
633 1293 110
634 1318 110
635 1338 111
636 1373 115
637 1381 115
638 1405 122
639 1418 130
640 1413 141
641 1414 152
642 1398 161
643 1395 161
644 1394 160
645 1394 165
646 1386 164
647 1396 171
648 1398 174
649 1365 183
650 1347 191
651 1301 214
652 1260 224
653 1211 234
654 1162 232
655 1100 229
656 1066 216
657 1025 208
658 991 203
659 952 204
660 886 204
661 842 212
662 780 217
663 724 222
664 673 209
665 621 207
666 572 196
667 530 180
668 506 162
669 465 156
670 454 147
671 444 133
672 421 132
673 414 121
674 415 116
675 421 106
676 435 93
677 448 85
678 467 81
679 480 75
680 521 76
681 563 77
682 606 76
683 646 75
684 678 85
685 716 84
686 789 82
687 852 76
688 927 72
689 1016 69
690 1096 70
691 1191 69
692 1271 69
693 1356 73
694 1450 80
695 1509 87
696 1578 89
697 1630 90
698 1676 90
699 1709 92
700 1728 94
701 1748 95
702 1772 95
703 1773 100
704 1776 109
705 1756 121
706 1734 132
707 1700 143
708 1677 153
709 1640 156
710 1620 163
711 1601 170
712 1573 172
713 1541 172
714 1511 175
715 1461 182
716 1409 195
717 1345 213
718 1287 218
719 1217 225
720 1140 224
721 1079 228
722 1025 218
723 961 210
724 908 211
725 851 212
726 793 202
727 740 196
728 674 207
729 628 215
730 597 209
731 563 202
732 533 175
733 541 157
734 547 132
735 556 120
736 561 108
737 584 103
738 610 97
739 637 93
740 680 91
741 729 95
742 785 90
743 843 81
744 897 76
745 967 71
746 1018 73
747 1107 76
748 1190 79
749 1255 79
750 1328 79
751 1370 81
752 1414 88
753 1471 94
754 1492 94
755 1544 91
756 1577 96
757 1592 102
758 1613 111
759 1639 118
760 1642 115
761 1643 114
762 1666 110
763 1656 118
764 1647 125
765 1651 129
766 1643 128
767 1615 134
768 1592 141
769 1583 147
770 1553 155
771 1523 156
772 1496 156
773 1466 160
774 1423 162
775 1376 160
776 1342 160
777 1306 159
778 1265 168
779 1224 170
780 1190 180
781 1130 193
782 1080 204
783 1031 205
784 968 198
785 921 202
786 884 199
787 834 193
788 807 196
789 766 201
790 736 206
791 728 204
792 711 196
793 693 185
794 684 163
795 670 162
796 658 158
797 656 153
798 658 154
799 668 154
800 668 147
801 674 144
802 695 132
803 713 133
804 753 135
805 770 119
806 820 110
807 866 112
808 912 102
809 951 106
810 992 103
811 1015 101
812 1042 100
813 1075 102
814 1112 104
815 1127 109
816 1163 113
817 1174 117
818 1200 120
819 1218 117
820 1249 125
821 1251 134
822 1270 143
823 1264 143
824 1258 155
825 1240 163
826 1202 170
827 1169 172
828 1150 174
829 1110 173
830 1079 167
831 1034 172
832 1033 185
833 1000 192
834 976 190
835 947 182
836 913 182
837 895 176
838 875 173
839 853 166
840 820 163
841 824 151
842 796 150
843 783 156
844 774 161
845 765 162
846 777 157
847 794 158
848 787 153
849 821 146
850 823 144
851 872 135
852 911 127
853 945 114
854 975 104
855 1002 104
856 1040 106
857 1084 108
858 1124 109
859 1171 113
860 1202 112
861 1240 112
862 1275 114
863 1296 116
864 1324 115
865 1348 116
866 1398 114
867 1416 121
868 1438 121
869 1440 126
870 1446 127
871 1455 133
872 1450 138
873 1462 143
874 1454 147
875 1435 149
876 1434 155
877 1411 161
878 1413 170
879 1387 178
880 1375 178
881 1343 179
882 1332 182
883 1304 182
884 1266 190
885 1247 191
886 1195 189
887 1164 189
888 1114 199
889 1063 210
890 1019 227
891 978 231
892 936 229
893 880 225
894 849 212
895 810 209
896 779 208
897 750 203
898 723 193
899 697 188
900 688 182
901 665 180
902 645 183
903 650 181
904 652 170
905 650 161
906 663 152
907 697 139
908 720 128
909 757 123
910 806 110
911 866 102
912 918 92
913 976 90
914 1027 95
915 1080 90
916 1134 86
917 1177 91
918 1220 88
919 1256 88
920 1293 92
921 1332 97
922 1379 101
923 1404 108
924 1437 118
925 1450 126
926 1442 132
927 1448 139
928 1437 150
929 1441 155
930 1438 151
931 1443 157
932 1426 151
933 1413 156
934 1395 165
935 1362 179
936 1339 181
937 1295 188
938 1250 189
939 1204 189
940 1158 176
941 1117 172
942 1070 165
943 1026 159
944 989 163
945 956 160
946 911 168
947 875 166
948 840 168
949 805 169
950 779 171
951 757 170
952 730 174
953 694 167
954 690 162
955 665 162
956 644 163
957 636 169
958 639 166
959 642 162
960 643 150
961 653 143
962 671 141
963 680 137
964 706 131
965 736 122
966 774 110
967 802 105
968 839 99
969 888 102
970 933 103
971 973 98
972 1003 98
973 1051 100
974 1084 101
975 1127 105
976 1142 110
977 1173 116
978 1189 121
979 1209 128
980 1234 135
981 1250 141
982 1272 137
983 1287 139
984 1290 132
985 1281 133
986 1291 127
987 1291 127
988 1287 132
989 1284 138
990 1273 147
991 1280 148
992 1267 151
993 1273 151
994 1278 151
995 1252 157
996 1243 161
997 1220 169
998 1195 171
999 1191 174
1000 1177 179
